00000000 01111110111111 # 00
00000001 00001100111111 # 01
00000010 10110110111111 # 02
00000011 10011110111111 # 03
00000100 11001100111111 # 04
00000101 11011010111111 # 05
00000110 11111010111111 # 06
00000111 00001110111111 # 07
00001000 11111110111111 # 08
00001001 11011110111111 # 09
00001010 01111110000110 # 10
00001011 00001100000110 # 11
00001100 10110110000110 # 12
00001101 10011110000110 # 13
00001110 11001100000110 # 14
00001111 11011010000110 # 15
00010000 11111010000110 # 16
00010001 00001110000110 # 17
00010010 11111110000110 # 18
00010011 11011110000110 # 19
00010100 01111111011011 # 20
00010101 00001101011011 # 21
00010110 10110111011011 # 22
00010111 10011111011011 # 23
00011000 11001101011011 # 24
00011001 11011011011011 # 25
00011010 11111011011011 # 26
00011011 00001111011011 # 27
00011100 11111111011011 # 28
00011101 11011111011011 # 29
00011110 01111111001111 # 30
00011111 00001101001111 # 31
00100000 10110111001111 # 32
00100001 10011111001111 # 33
00100010 11001101001111 # 34
00100011 11011011001111 # 35
00100100 11111011001111 # 36
00100101 00001111001111 # 37
00100110 11111111001111 # 38
00100111 11011111001111 # 39
00101000 01111111100110 # 40
00101001 00001101100110 # 41
00101010 10110111100110 # 42
00101011 10011111100110 # 43
00101100 11001101100110 # 44
00101101 11011011100110 # 45
00101110 11111011100110 # 46
00101111 00001111100110 # 47
00110000 11111111100110 # 48
00110001 11011111100110 # 49
00110010 01111111101101 # 50
00110011 00001101101101 # 51
00110100 10110111101101 # 52
00110101 10011111101101 # 53
00110110 11001101101101 # 54
00110111 11011011101101 # 55
00111000 11111011101101 # 56
00111001 00001111101101 # 57
00111010 11111111101101 # 58
00111011 11011111101101 # 59
00111100 01111111111101 # 60
00111101 00001101111101 # 61
00111110 10110111111101 # 62
00111111 10011111111101 # 63
01000000 11001101111101 # 64
01000001 11011011111101 # 65
01000010 11111011111101 # 66
01000011 00001111111101 # 67
01000100 11111111111101 # 68
01000101 11011111111101 # 69
01000110 01111110000111 # 70
01000111 00001100000111 # 71
01001000 10110110000111 # 72
01001001 10011110000111 # 73
01001010 11001100000111 # 74
01001011 11011010000111 # 75
01001100 11111010000111 # 76
01001101 00001110000111 # 77
01001110 11111110000111 # 78
01001111 11011110000111 # 79
01010000 01111111111111 # 80
01010001 00001101111111 # 81
01010010 10110111111111 # 82
01010011 10011111111111 # 83
01010100 11001101111111 # 84
01010101 11011011111111 # 85
01010110 11111011111111 # 86
01010111 00001111111111 # 87
01011000 11111111111111 # 88
01011001 11011111111111 # 89
01011010 01111111101111 # 90
01011011 00001101101111 # 91
01011100 10110111101111 # 92
01011101 10011111101111 # 93
01011110 11001101101111 # 94
01011111 11011011101111 # 95
01100000 11111011101111 # 96
01100001 00001111101111 # 97
01100010 11111111101111 # 98
01100011 11011111101111 # 99